03001
03002
03003
03004
03005
03006
03007
03008
03009
03010
03011
03012
03013
03014
03015
03016
03017
03018
03019
03020
03021
03022
03023
03024
03025
03026
03027
03028
03029
03030
03031
03032
03033
03034
03035
03036
03037
03038
03039
03040
03041
03042
03043
03044
03045
03046
03047
03048
03049
03050
03051
03052
03053
03054
03055
03056
03057
03058
03059
03060
03061
03062
03063
03064
03065
03066
03067
03068
03069
03070
03071
03072
03073
03074
03075
03076
03077
03078
03079
03080
03081
03082
03083
03084
03085
03086
03087
03088
03089
04001
04002
04003
04004
04005
04006
04007
04008
04009
04010
04011
04012
04013
04014
04015
04016
04017
04018
04019
04020
04021
04022
04023
04024
04025
04026
04027
04028
04029
04030
04031
04032
04033
04034
04035
04036
04037
04038
04039
04040
04041
04042
04043
04044
04045
04046
04047
04048
04049
04050
04051
04052
04053
04054
04055
04056
04057
04058
04059
04060
04061
04062
04063
04064
04065
04066
04067
04068
04069
04070
04071
04072
04073
04074
04075
04076
04077
04078
04079
04080
04081
04082
04083
04084
04085
04086
04087
04088
04089
04090
04091
04092
04093
04094
04095
04096
04097
04098
04099
04100
04101
04102
04103
04104
04105
04106
04107
04108
04109
04110
04111
04112
04113
04114
04115
04116
04117
04118
04119
04120
04121
04122
05001
05002
05003
05004
05005
05006
05007
05008
05009
05010
05011
05012
05013
05014
05015
05016
05017
05018
05019
05020
05021
05022
05023
05024
05025
05026
05027
05028
05029
05030
05031
05032
05033
05034
05035
05036
05037
05038
05039
05040
05041
05042
05043
05044
05045
05046
05047
05048
05049
05050
05051
05052
05053
05054
05055
05056
05057
05058
05059
05060
05061
05062
05063
05064
05065
05066
05067
05068
05069
05070
05071
05072
05073
05074
05075
05076
05077
05078
05079
05080
05081
05082
05083
05084
05085
05086
05087
05088
05089
05090
05091
05092
05093
05094
05095
05096
05097
05098
05099
05100
05101
05102
05103
05104
05105
05106
05107
05108
05109
05110
05111
05112
05113
05114
05115
05116
05117
05118
05119
05120
05121
05122
05123
05124
05125
05126
05127
05128
05129
05130
05131
05132
05133
05134
05135
05136
05137
05138
05139
05140
05141
05142
05143
05144
05145
05146
05147
05148
05149
05150
05151
05152
05153
06001
06002
06003
06004
06005
06006
06007
06008
06009
06010
06011
06012
06013
06014
06015
06016
06017
06018
06019
06020
06021
06022
06023
06024
06025
06026
06027
06028
06029
06030
06031
06032
06033
06034
06035
06036
06037
06038
06039
06040
06041
06042
06043
06044
06045
06046
06047
06048
06049
06050
06051
06052
06053
06054
06055
06056
06057
06058
06059
06060
06061
06062
06063
06064
06065
06066
06067
06068
06069
06070
06071
06072
06073
06074
06075
06076
06077
06078
06079
06080
06081
06082
06083
06084
06085
06086
06087
06088
06089
06090
06091
06092
06093
06094
06095
06096
06097
06098
06099
06100
06101
06102
06103
06104
06105
06106
06107
06108
06109
06110
06111
06112
06113
06114
06115
06116
06117
06118
06119
06120
06121
06122
06123
06124
06125
06126
06127
06128
06129
06130
06131
06132
06133
06134
06135
06136
06137
06138
06139
06140
06141
06142
06143
06144
06145
06146
06147
06148
06149
06150
06151
06152
06153
06154
07001
07002
07003
07004
07005
07006
07007
07008
07009
07010
07011
07012
07013
07014
07015
07016
07017
07018
07019
07020
07021
07022
07023
07024
07025
07026
07027
07028
07029
07030
07031
07032
07033
07034
07035
07036
07037
07038
07039
07040
07041
07042
07043
07044
07045
07046
07047
07048
07049
07050
07051
07052
07053
07054
07055
07056
07057
07058
07059
07060
07061
07062
07063
07064
07065
07066
07067
07068
07069
07070
07071
07072
07073
07074
07075
07076
07077
07078
07079
07080
07081
07082
07083
07084
07085
07086
07087
07088
07089
07090
07091
07092
07093
07094
07095
07096
07097
07098
07099
07100
07101
07102
07103
07104
07105
07106
07107
07108
07109
07110
07111
07112
07113
07114
07115
07116
07117
07118
07119
07120
07121
07122
07123
07124
07125
07126
07127
07128
07129
07130
07131
07132
07133
07134
07135
07136
07137
07138
07139
07140
07141
07142
07143
07144
07145
07146
07147
07148
07149
07150
07151
07152
07153
08001
08002
08003
08004
08005
08006
08007
08008
08009
08010
08011
08012
08013
08014
08015
08016
08017
08018
08019
08020
08021
08022
08023
08024
08025
08026
08027
08028
08029
08030
08031
08032
08033
08034
08035
08036
08037
08038
08039
08040
08041
08042
08043
08044
08045
08046
08047
08048
08049
08050
08051
08052
08053
08054
08055
08056
08057
08058
08059
08060
08061
08062
08063
08064
08065
08066
08067
08068
08069
08070
08071
08072
08073
08074
08075
08076
08077
08078
08079
08080
08081
08082
08083
08084
08085
08086
08087
08088
08089
08090
08091
08092
08093
08094
08095
08096
08097
08098
08099
08100
08101
08102
08103
08104
08105
08106
08107
08108
08109
08110
08111
08112
08113
08114
08115
08116
08117
08118
08119
08120
08121
08122
08123
08124
08125
08126
08127
08128
08129
08130
08131
08132
08133
08134
08135
08136
08137
08138
08139
08140
08141
08142
08143
08144
08145
08146
08147
08148
08149
08150
08151
08152
08153
08154
09001
09002
09003
09004
09005
09006
09007
09008
09009
09010
09011
09012
09013
09014
09015
09016
09017
09018
09019
09020
09021
09022
09023
09024
09025
09026
09027
09028
09029
09030
09031
09032
09033
09034
09035
09036
09037
09038
09039
09040
09041
09042
09043
09044
09045
09046
09047
09048
09049
09050
09051
09052
09053
09054
09055
09056
09057
09058
09059
09060
09061
09062
09063
09064
09065
09066
09067
09068
09069
09070
09071
09072
09073
09074
09075
09076
09077
09078
09079
09080
09081
09082
09083
09084
09085
09086
09087
09088
09089
09090
09091
09092
09093
09094
09095
09096
09097
09098
09099
09100
09101
09102
09103
09104
09105
09106
09107
09108
09109
09110
09111
09112
09113
09114
09115
09116
09117
09118
09119
09120
09121
09122
09123
09124
09125
09126
09127
09128
09129
09130
09131
09132
09133
09134
09135
09136
09137
09138
09139
09140
09141
09142
09143
09144
09145
09146
09147
09148
09149
09150
09151
09152
09153
09154
10001
10002
10003
10004
10005
10006
10007
10008
10009
10010
10011
10012
10013
10014
10015
10016
10017
10018
10019
10020
10021
10022
10023
10024
10025
10026
10027
10028
10029
10030
10031
10032
10033
10034
10035
10036
10037
10038
10039
10040
10041
10042
10043
10044
10045
10046
10047
10048
10049
10050
10051
10052
10053
10054
10055
10056
10057
10058
10059
10060
10061
10062
10063
10064
10065
10066
10067
10068
10069
10070
10071
10072
10073
10074
10075
10076
10077
10078
10079
10080
10081
10082
10083
10084
10085
10086
10087
10088
10089
10090
10091
10092
10093
10094
10095
10096
10097
10098
10099
10100
10101
10102
10103
10104
10105
10106
10107
10108
10109
10110
10111
10112
10113
10114
10115
10116
10117
10118
10119
10120
10121
10122
10123
10124
10125
10126
10127
10128
10129
10130
10131
10132
10133
10134
10135
10136
10137
10138
10139
10140
10141
10142
10143
10144
10145
10146
10147
10148
10149
10150
10151
10152
10153
11001
11002
11003
11004
11005
11006
11007
11008
11009
11010
11011
11012
11013
11014
11015
11016
11017
11018
11019
11020
11021
11022
11023
11024
11025
11026
11027
11028
11029
11030
11031
11032
11033
11034
11035
11036
11037
11038
11039
11040
11041
11042
11043
11044
11045
11046
11047
11048
11049
11050
11051
11052
11053
11054
11055
11056
11057
11058
11059
11060
11061
11062
11063
11064
11065
11066
11067
11068
11069
11070
11071
11072
11073
11074
11075
11076
11077
11078
11079
11080
11081
11082
11083
11084
11085
11086
11087
11088
11089
11090
11091
11092
11093
11094
11095
11096
11097
11098
11099
11100
11101
11102
11103
11104
11105
11106
11107
11108
11109
11110
11111
11112
11113
11114
11115
11116
11117
11118
11119
11120
11121
11122
11123
11124
11125
11126
11127
11128
11129
11130
11131
11132
11133
11134
11135
11136
11137
11138
11139
11140
11141
11142
11143
11144
11145
11146
11147
11148
11149
11150
11151
11152
11153
12001
12002
12003
12004
12005
12007
12008
12009
12010
12011
12012
12013
12014
12015
12017
12018
12019
12020
12021
12022
12023
12024
12025
12028
12033
12034
12035
12038
12043
12044
12045
12048
12053
12054
12055
12058
12063
12064
12065
12068
12073
12074
12075
12078
12083
12084
12085
12088
12093
12094
12095
12098
12103
12104
12105
12113
12114
12115
12123
12124
12133
12134
12143
12144
12153
12154
13009
13010
13019
13020
13029
13030
13040
13050
========分割线========
03001
03002
03003
03004
03005
03006
03007
03008
03009
03010
03011
03012
03013
03014
03015
03016
03017
03018
03019
03020
03021
03022
03023
03024
03025
03026
03027
03028
03029
03030
03031
03032
03033
03034
03035
03036
03037
03038
03039
03040
03041
03042
03043
03044
03045
03046
03047
03048
03049
03050
03051
03052
03053
03054
03055
03056
03057
03058
03059
03060
03061
03062
03063
03064
03065
03066
03067
03068
03069
03070
03071
03072
03073
03074
03075
03076
03077
03078
03079
03080
03081
03082
03083
03084
03085
03086
03087
03088
03089
04001
04002
04003
04004
04005
04006
04007
04008
04009
04010
04011
04012
04013
04014
04015
04016
04017
04018
04019
04020
04021
04022
04023
04024
04025
04026
04027
04028
04029
04030
04031
04032
04033
04034
04035
04036
04037
04038
04039
04040
04041
04042
04043
04044
04045
04046
04047
04048
04049
04050
04051
04052
04053
04054
04055
04056
04057
04058
04059
04060
04061
04062
04063
04064
04065
04066
04067
04068
04069
04070
04071
04072
04073
04074
04075
04076
04077
04078
04079
04080
04081
04082
04083
04084
04085
04086
04087
04088
04089
04090
04091
04092
04093
04094
04095
04096
04097
04098
04099
04100
04101
04102
04103
04104
04105
04106
04107
04108
04109
04110
04111
04112
04113
04114
04115
04116
04117
04118
04119
04120
04121
04122
05001
05002
05003
05004
05005
05006
05007
05008
05009
05010
05011
05012
05013
05014
05015
05016
05017
05018
05019
05020
05021
05022
05023
05024
05025
05026
05027
05028
05029
05030
05031
05032
05033
05034
05035
05036
05037
05038
05039
05040
05041
05042
05043
05044
05045
05046
05047
05048
05049
05050
05051
05052
05053
05054
05055
05056
05057
05058
05059
05060
05061
05062
05063
05064
05065
05066
05067
05068
05069
05070
05071
05072
05073
05074
05075
05076
05077
05078
05079
05080
05081
05082
05083
05084
05085
05086
05087
05088
05089
05090
05091
05092
05093
05094
05095
05096
05097
05098
05099
05100
05101
05102
05103
05104
05105
05106
05107
05108
05109
05110
05111
05112
05113
05114
05115
05116
05117
05118
05119
05120
05121
05122
05123
05124
05125
05126
05127
05128
05129
05130
05131
05132
05133
05134
05135
05136
05137
05138
05139
05140
05141
05142
05143
05144
05145
05146
05147
05148
05149
05150
05151
05152
05153
06001
06002
06003
06004
06005
06006
06007
06008
06009
06010
06011
06012
06013
06014
06015
06016
06017
06018
06019
06020
06021
06022
06023
06024
06025
06026
06027
06028
06029
06030
06031
06032
06033
06034
06035
06036
06037
06038
06039
06040
06041
06042
06043
06044
06045
06046
06047
06048
06049
06050
06051
06052
06053
06054
06055
06056
06057
06058
06059
06060
06061
06062
06063
06064
06065
06066
06067
06068
06069
06070
06071
06072
06073
06074
06075
06076
06077
06078
06079
06080
06081
06082
06083
06084
06085
06086
06087
06088
06089
06090
06091
06092
06093
06094
06095
06096
06097
06098
06099
06100
06101
06102
06103
06104
06105
06106
06107
06108
06109
06110
06111
06112
06113
06114
06115
06116
06117
06118
06119
06120
06121
06122
06123
06124
06125
06126
06127
06128
06129
06130
06131
06132
06133
06134
06135
06136
06137
06138
06139
06140
06141
06142
06143
06144
06145
06146
06147
06148
06149
06150
06151
06152
06153
06154
07001
07002
07003
07004
07005
07006
07007
07008
07009
07010
07011
07012
07013
07014
07015
07016
07017
07018
07019
07020
07021
07022
07023
07024
07025
07026
07027
07028
07029
07030
07031
07032
07033
07034
07035
07036
07037
07038
07039
07040
07041
07042
07043
07044
07045
07046
07047
07048
07049
07050
07051
07052
07053
07054
07055
07056
07057
07058
07059
07060
07061
07062
07063
07064
07065
07066
07067
07068
07069
07070
07071
07072
07073
07074
07075
07076
07077
07078
07079
07080
07081
07082
07083
07084
07085
07086
07087
07088
07089
07090
07091
07092
07093
07094
07095
07096
07097
07098
07099
07100
07101
07102
07103
07104
07105
07106
07107
07108
07109
07110
07111
07112
07113
07114
07115
07116
07117
07118
07119
07120
07121
07122
07123
07124
07125
07126
07127
07128
07129
07130
07131
07132
07133
07134
07135
07136
07137
07138
07139
07140
07141
07142
07143
07144
07145
07146
07147
07148
07149
07150
07151
07152
07153
08001
08002
08003
08004
08005
08006
08007
08008
08009
08010
08011
08012
08013
08014
08015
08016
08017
08018
08019
08020
08021
08022
08023
08024
08025
08026
08027
08028
08029
08030
08031
08032
08033
08034
08035
08036
08037
08038
08039
08040
08041
08042
08043
08044
08045
08046
08047
08048
08049
08050
08051
08052
08053
08054
08055
08056
08057
08058
08059
08060
08061
08062
08063
08064
08065
08066
08067
08068
08069
08070
08071
08072
08073
08074
08075
08076
08077
08078
08079
08080
08081
08082
08083
08084
08085
08086
08087
08088
08089
08090
08091
08092
08093
08094
08095
08096
08097
08098
08099
08100
08101
08102
08103
08104
08105
08106
08107
08108
08109
08110
08111
08112
08113
08114
08115
08116
08117
08118
08119
08120
08121
08122
08123
08124
08125
08126
08127
08128
08129
08130
08131
08132
08133
08134
08135
08136
08137
08138
08139
08140
08141
08142
08143
08144
08145
08146
08147
08148
08149
08150
08151
08152
08153
08154
09001
09002
09003
09004
09005
09006
09007
09008
09009
09010
09011
09012
09013
09014
09015
09016
09017
09018
09019
09020
09021
09022
09023
09024
09025
09026
09027
09028
09029
09030
09031
09032
09033
09034
09035
09036
09037
09038
09039
09040
09041
09042
09043
09044
09045
09046
09047
09048
09049
09050
09051
09052
09053
09054
09055
09056
09057
09058
09059
09060
09061
09062
09063
09064
09065
09066
09067
09068
09069
09070
09071
09072
09073
09074
09075
09076
09077
09078
09079
09080
09081
09082
09083
09084
09085
09086
09087
09088
09089
09090
09091
09092
09093
09094
09095
09096
09097
09098
09099
09100
09101
09102
09103
09104
09105
09106
09107
09108
09109
09110
09111
09112
09113
09114
09115
09116
09117
09118
09119
09120
09121
09122
09123
09124
09125
09126
09127
09128
09129
09130
09131
09132
09133
09134
09135
09136
09137
09138
09139
09140
09141
09142
09143
09144
09145
09146
09147
09148
09149
09150
09151
09152
09153
09154
10001
10002
10003
10004
10005
10006
10007
10008
10009
10010
10011
10012
10013
10014
10015
10016
10017
10018
10019
10020
10021
10022
10023
10024
10025
10026
10027
10028
10029
10030
10031
10032
10033
10034
10035
10036
10037
10038
10039
10040
10041
10042
10043
10044
10045
10046
10047
10048
10049
10050
10051
10052
10053
10054
10055
10056
10057
10058
10059
10060
10061
10062
10063
10064
10065
10066
10067
10068
10069
10070
10071
10072
10073
10074
10075
10076
10077
10078
10079
10080
10081
10082
10083
10084
10085
10086
10087
10088
10089
10090
10091
10092
10093
10094
10095
10096
10097
10098
10099
10100
10101
10102
10103
10104
10105
10106
10107
10108
10109
10110
10111
10112
10113
10114
10115
10116
10117
10118
10119
10120
10121
10122
10123
10124
10125
10126
10127
10128
10129
10130
10131
10132
10133
10134
10135
10136
10137
10138
10139
10140
10141
10142
10143
10144
10145
10146
10147
10148
10149
10150
10151
10152
10153
11001
11002
11003
11004
11005
11006
11007
11008
11009
11010
11011
11012
11013
11014
11015
11016
11017
11018
11019
11020
11021
11022
11023
11024
11025
11026
11027
11028
11029
11030
11031
11032
11033
11034
11035
11036
11037
11038
11039
11040
11041
11042
11043
11044
11045
11046
11047
11048
11049
11050
11051
11052
11053
11054
11055
11056
11057
11058
11059
11060
11061
11062
11063
11064
11065
11066
11067
11068
11069
11070
11071
11072
11073
11074
11075
11076
11077
11078
11079
11080
11081
11082
11083
11084
11085
11086
11087
11088
11089
11090
11091
11092
11093
11094
11095
11096
11097
11098
11099
11100
11101
11102
11103
11104
11105
11106
11107
11108
11109
11110
11111
11112
11113
11114
11115
11116
11117
11118
11119
11120
11121
11122
11123
11124
11125
11126
11127
11128
11129
11130
11131
11132
11133
11134
11135
11136
11137
11138
11139
11140
11141
11142
11143
11144
11145
11146
11147
11148
11149
11150
11151
11152
11153
12001
12002
12003
12004
12005
12007
12008
12009
12010
12011
12012
12013
12014
12015
12017
12018
12019
12020
12021
12022
12023
12024
12025
12028
12033
12034
12035
12038
12043
12044
12045
12048
12053
12054
12055
12058
12063
12064
12065
12068
12073
12074
12075
12078
12083
12084
12085
12088
12093
12094
12095
12098
12103
12104
12105
12113
12114
12115
12123
12124
12133
12134
12143
12144
12153
12154
13009
13010
13019
13020
13029
13030
13040
13050
========分割线========
